65
168
7
4
0 2459 1739 5996 1673 7996 3303 132 194
0 3718 690 4256 2970 4560 5595 530 181
0 3582 2028 5324 5086 1602 7241 1167 193
0 3846 1914 5985 4427 2854 4699 658 108
4
0 1588 1106 1954 6227 2787 7004 1164 181
0 812 2147 5716 5909 914 6507 988 186
0 2172 1395 1012 3224 6619 4859 565 133
0 3238 1543 2353 1141 6433 3014 889 89
4
0 2990 2074 1394 879 5308 3319 821 196
0 3756 1518 6146 1308 3625 897 1170 48
0 645 1619 2092 4437 5184 958 896 152
0 554 1224 2163 3958 6523 6459 284 161
1
0 1370 687 2290 999 6864 5699 483 47
2
0 3722 286 4736 1246 8038 2634 395 164
0 2882 320 1001 812 2265 936 985 150
3
0 1218 877 8817 1104 2543 1085 366 44
0 2170 1941 7539 1386 7197 6659 482 82
0 1719 263 6514 3729 4963 4714 965 158
3
0 1299 925 7775 4645 7181 1510 770 69
0 1952 1115 7457 3291 6472 2375 1110 184
0 3199 943 5612 1094 4216 1513 1167 170
2
0 2893 1562 6040 1583 3265 2350 307 137
0 2352 670 7417 5564 2246 4178 415 94
1
0 1383 1355 6309 2853 1330 6463 756 49
2
0 812 1777 6724 1656 870 5307 466 50
0 1801 283 8712 1545 4359 3553 1144 61
1
0 1384 573 8060 3592 4038 958 915 76
4
0 740 597 7210 5585 4108 4471 961 176
0 755 1213 1237 3641 4663 7313 822 179
0 3563 1535 4541 1512 4854 1449 1142 176
0 2633 1140 1700 5664 8047 1123 904 40
4
0 633 1075 1504 5246 7541 3681 902 173
0 1316 449 1314 6106 3679 3410 890 77
0 2267 254 5694 4927 5146 4517 955 199
0 1300 2039 2657 6127 4279 6589 1112 33
3
0 3139 2089 4533 1048 7671 6236 1206 108
0 3713 1416 7950 3007 1232 7170 655 68
0 3053 1791 3608 5992 4248 7105 688 113
4
0 2732 378 5248 6123 2486 5693 548 93
0 1132 227 2222 3051 7922 4907 549 150
0 493 469 7222 6114 5955 3012 1157 77
0 1917 2131 2448 4368 4874 7123 774 171
1
0 1902 2089 4040 5348 2932 884 401 62
1
0 1155 1192 2495 906 6833 1141 454 50
4
0 1816 1443 8151 2491 2053 4409 1023 83
0 866 708 5057 2026 4954 5605 1056 69
0 1808 865 8759 6266 2568 4461 602 26
0 3410 1354 6799 1687 1885 6688 668 91
2
0 2714 320 2828 5829 1199 2516 863 180
0 843 335 6389 801 4577 803 854 110
4
0 2622 2074 5970 3301 1383 2815 1123 174
0 1034 1987 4504 3950 6916 4967 336 67
0 2990 495 5453 3456 4496 6972 349 50
0 2653 416 7729 1605 7360 3449 682 176
4
0 3546 710 5189 1736 2762 928 460 88
0 869 983 6678 1467 6939 1348 205 111
0 3379 1092 3101 2664 4113 1870 124 149
0 2945 1187 7381 6160 4241 5669 1202 161
2
0 1741 1376 6237 3813 1555 749 1206 151
0 3271 635 3729 1188 2416 1139 484 123
3
0 473 927 3331 3042 1806 1758 590 154
0 1245 1848 4515 4970 2440 2976 1116 94
0 1792 2075 6909 1900 3990 4173 561 175
1
0 1972 1305 5066 1906 6941 6756 668 143
3
0 953 711 8433 1157 4096 4465 835 66
0 952 2040 3365 2138 4934 2234 681 111
0 1447 2097 6402 2135 3122 1450 278 114
2
0 3715 1088 8587 3903 5555 2085 1141 85
0 1540 1741 5661 6107 3761 6150 1180 173
3
0 1411 1232 1359 3428 2376 1640 469 65
0 541 272 8201 5499 2432 2291 532 34
0 762 1076 1932 6267 5295 1238 790 193
4
0 386 2115 8314 5009 5532 4374 238 111
0 3829 1877 8604 5111 1191 5067 455 169
0 826 1655 5111 4052 2973 1223 265 42
0 1781 1281 7693 6050 5956 7211 398 63
3
0 3531 410 4803 1987 2365 4376 788 112
0 3576 1050 7756 2719 2826 4637 132 105
0 848 817 7770 5533 4926 790 864 187
3
0 3283 1849 3810 1110 6035 1762 1011 28
0 2445 1683 7898 6033 2031 1172 804 126
0 819 279 6309 5527 2419 5818 1038 167
1
0 2230 994 7414 2775 1657 3330 864 182
1
0 1846 1324 4089 2750 2186 4217 1006 159
4
0 2512 1867 7045 3582 6138 1135 449 37
0 2754 773 6757 3555 3292 6164 908 37
0 3839 1296 5283 2322 3350 3623 1122 60
0 630 2138 5095 4020 5813 2396 561 130
4
0 1167 2009 2853 2739 8274 2839 242 107
0 722 1689 6411 5334 5737 1816 750 131
0 3321 863 3878 4216 8126 4120 596 56
0 3605 1331 4457 4770 4825 5412 566 101
2
0 3443 480 3183 2990 5104 3037 211 144
0 1908 372 2480 3960 6393 1300 727 184
3
0 1792 2026 6852 2534 7393 5859 814 150
0 2051 348 4402 3043 7349 3282 1155 94
0 1579 724 8413 3586 7393 1791 162 112
1
0 1242 1579 2404 5710 3149 6370 604 172
2
0 439 1275 3448 4101 7997 1209 737 44
0 2127 1337 8330 3490 7623 5112 1014 35
4
0 861 1798 2802 3376 1888 953 160 68
0 3450 701 1578 1654 5183 5647 570 135
0 2557 1387 4140 2502 1292 2941 605 72
0 2801 1848 1017 2355 2520 4294 777 128
4
0 3437 479 6910 3493 5385 7104 895 197
0 2131 361 6670 4659 8219 3272 707 158
0 945 805 7866 2387 2705 3960 1215 166
0 1650 2113 7145 2391 952 5606 147 86
3
0 2634 1192 3270 3170 8208 6763 152 142
0 3473 1051 7462 6250 5380 5608 440 80
0 1416 711 2011 5895 5781 2658 496 94
3
0 859 2080 1986 4273 2126 3368 1184 160
0 557 954 1355 3402 1449 1317 980 69
0 1325 621 4213 5322 5785 794 342 135
4
0 2727 1137 977 4978 5267 1390 880 88
0 926 1988 3353 821 6597 3317 668 111
0 1968 320 8365 1942 5888 6080 379 61
0 2011 1954 6100 3212 7373 4171 931 47
4
0 2979 1208 8572 4634 3714 2092 321 191
0 2757 1588 3524 1652 6670 5720 658 179
0 2837 2025 3816 4085 1362 7191 1175 177
0 1195 1788 3237 4645 4167 2315 659 137
1
0 959 572 3156 2126 4014 6020 245 69
3
0 3401 2152 5238 6177 4377 1105 597 151
0 1759 1729 6834 6035 1949 1601 186 161
0 2275 396 4632 3948 7654 3905 679 103
3
0 1109 1573 995 4026 4319 2238 627 184
0 3188 441 6759 1111 4019 7287 562 56
0 1658 1345 3347 4464 4520 4325 661 31
4
0 809 1211 6605 2524 3267 4258 500 94
0 2042 410 6992 5075 1144 6301 403 54
0 1459 1851 2010 830 3784 7217 510 123
0 2775 788 2605 2532 2090 6285 1172 142
2
0 1076 2136 4669 6081 4648 1584 769 73
0 3048 888 5717 2486 2475 4860 272 117
3
0 1488 487 3785 4378 3823 3775 827 50
0 912 524 6011 821 3187 812 371 137
0 876 406 5524 994 3550 2720 850 57
2
0 1227 1907 3008 922 3597 925 497 37
0 916 1561 1009 802 4363 2719 420 155
1
0 1544 857 7313 2632 4470 4437 1182 157
1
0 783 2104 2354 1330 1118 1230 307 28
2
0 2028 572 4199 3686 2262 4675 978 46
0 3206 1341 7901 4209 8306 2050 313 172
1
0 3241 1863 6698 835 4525 2809 889 145
1
0 3485 1215 8351 2944 7168 2197 157 38
2
0 2171 2169 5316 2279 7455 5625 728 155
0 2276 1556 5170 5819 5910 2983 958 185
1
0 3113 884 3266 1765 3422 1625 702 53
2
0 2055 1647 6006 4510 5754 3223 429 129
0 2255 1787 1789 635 5649 6621 1178 40
3
0 1375 2152 4792 5238 6643 5970 133 122
0 2970 254 5823 3498 7745 6279 928 91
0 1999 988 7326 1505 1528 6530 217 55
3
0 1777 2066 3852 5616 2516 5804 425 183
0 1694 627 8169 2673 5663 5521 549 146
0 2872 384 8347 4255 6495 5901 862 148
2
0 611 1652 5149 2047 1410 6116 1216 97
0 3499 841 4139 5362 3945 1633 488 197
4
0 2957 1623 1891 4682 7737 3239 933 155
0 397 438 4360 676 7853 3733 581 134
0 1313 1523 7352 3436 2536 920 1028 124
0 1118 1195 4555 2485 3168 4445 430 127
2
0 2988 2084 8021 847 5713 7138 986 145
0 3822 1763 2840 6119 3631 7319 648 103
3
0 3501 1753 5380 4893 3262 6327 954 150
0 3470 1310 4876 3028 7707 3486 600 103
0 3265 1890 2931 6229 5002 3267 1193 78
25033 14203 57624 41083 54250 48036 7940 